width: 240
height: 160
zoom:
  from: 1
  to: 1.84e199
  factor: 1.01
  increment: 0
max_iterations_limit: 10000000
min_precision_bits: 64
base_iterations: 100
iterations_factor: 1.17
log_scale_factor: 0.14
out_file: mandelbrot-320x200-%z.png
center: 
  r: 0.25041256420084111635701059145359920563610567033825287726745220758979353221647098362292311491423201419124855889664791486802053514372495353184361382776108352724063135779957032143020010594904114445020489572866810435489590208032
  i: 0.00001271208042916202422432592307682294230943345688139118046259628555161099396571222351815779936411578902341792926856777472930106023932290150278193914336807532076818902748428279181727568041854049799687884398478342390628980752
