width: 320
height: 200
zoom:
  from: 1.0
  to: 10000.0
  factor: 1.01
  increment: 0.05
min_precision_bits: 64
out_file: mandelbrot-320x200-%z.png
center: 
  r: 0.25041256420084111635701059145359920563610567033825287726745220758979353221647098362292311491423201419124855889664791486802053514372495353184361382776108352724063135779957032143020010594904114445020489572866810435489590208032
  i: 0.00001271208042916202422432592307682294230943345688139118046259628555161099396571222351815779936411578902341792926856777472930106023932290150278193914336807532076818902748428279181727568041854049799687884398478342390628980752
